[[6.32047186e-04 0.00000000e+00 0.00000000e+00 ... 0.00000000e+00
  0.00000000e+00 0.00000000e+00]
 [0.00000000e+00 2.53312254e-03 0.00000000e+00 ... 0.00000000e+00
  0.00000000e+00 0.00000000e+00]
 [0.00000000e+00 0.00000000e+00 1.58690601e-02 ... 0.00000000e+00
  0.00000000e+00 0.00000000e+00]
 ...
 [0.00000000e+00 0.00000000e+00 0.00000000e+00 ... 1.14832135e-08
  0.00000000e+00 5.90524505e-07]
 [0.00000000e+00 0.00000000e+00 0.00000000e+00 ... 0.00000000e+00
  7.41680907e-06 1.50077213e-05]
 [0.00000000e+00 0.00000000e+00 0.00000000e+00 ... 5.90524505e-07
  1.50077213e-05 3.03677357e-05]]
[[6.32047186e-04 0.00000000e+00 0.00000000e+00 ... 0.00000000e+00
  0.00000000e+00 0.00000000e+00]
 [0.00000000e+00 2.53312254e-03 0.00000000e+00 ... 0.00000000e+00
  0.00000000e+00 0.00000000e+00]
 [0.00000000e+00 0.00000000e+00 1.58690601e-02 ... 0.00000000e+00
  0.00000000e+00 0.00000000e+00]
 ...
 [0.00000000e+00 0.00000000e+00 0.00000000e+00 ... 1.14832135e-08
  0.00000000e+00 5.90524505e-07]
 [0.00000000e+00 0.00000000e+00 0.00000000e+00 ... 0.00000000e+00
  7.41680907e-06 1.50077213e-05]
 [0.00000000e+00 0.00000000e+00 0.00000000e+00 ... 5.90524505e-07
  1.50077213e-05 3.03677357e-05]]
[[ 6.28625797e-04 -7.70155431e-06 -2.32202066e-05 ...  0.00000000e+00
   0.00000000e+00  0.00000000e+00]
 [-7.70155431e-06  2.51578632e-03 -5.22687463e-05 ...  0.00000000e+00
   0.00000000e+00  0.00000000e+00]
 [-2.32202066e-05 -5.22687463e-05  1.57114697e-02 ...  0.00000000e+00
   0.00000000e+00  0.00000000e+00]
 ...
 [ 0.00000000e+00  0.00000000e+00  0.00000000e+00 ...  1.14832135e-08
   0.00000000e+00  5.90524505e-07]
 [ 0.00000000e+00  0.00000000e+00  0.00000000e+00 ...  0.00000000e+00
   7.41680907e-06  1.50077213e-05]
 [ 0.00000000e+00  0.00000000e+00  0.00000000e+00 ...  5.90524505e-07
   1.50077213e-05  3.03677357e-05]]
[[ 6.26096165e-04 -1.33960048e-05 -4.03900738e-05 ...  0.00000000e+00
   0.00000000e+00  0.00000000e+00]
 [-1.33960048e-05  2.50296755e-03 -9.09197971e-05 ...  0.00000000e+00
   0.00000000e+00  0.00000000e+00]
 [-4.03900738e-05 -9.09197971e-05  1.55949293e-02 ...  0.00000000e+00
   0.00000000e+00  0.00000000e+00]
 ...
 [ 0.00000000e+00  0.00000000e+00  0.00000000e+00 ...  1.14832135e-08
   0.00000000e+00  5.90524505e-07]
 [ 0.00000000e+00  0.00000000e+00  0.00000000e+00 ...  0.00000000e+00
   7.41680907e-06  1.50077213e-05]
 [ 0.00000000e+00  0.00000000e+00  0.00000000e+00 ...  5.90524505e-07
   1.50077213e-05  3.03677357e-05]]
[[ 6.22447676e-04 -2.16085560e-05 -6.51492376e-05 ...  0.00000000e+00
   0.00000000e+00  0.00000000e+00]
 [-2.16085560e-05  2.48448154e-03 -1.46651344e-04 ...  0.00000000e+00
   0.00000000e+00  0.00000000e+00]
 [-6.51492376e-05 -1.46651344e-04  1.54269101e-02 ...  0.00000000e+00
   0.00000000e+00  0.00000000e+00]
 ...
 [ 0.00000000e+00  0.00000000e+00  0.00000000e+00 ...  1.14832135e-08
   0.00000000e+00  5.90524505e-07]
 [ 0.00000000e+00  0.00000000e+00  0.00000000e+00 ...  0.00000000e+00
   7.41680907e-06  1.50077213e-05]
 [ 0.00000000e+00  0.00000000e+00  0.00000000e+00 ...  5.90524505e-07
   1.50077213e-05  3.03677357e-05]]
[[ 6.22447676e-04 -2.16085560e-05 -6.51492376e-05 ...  0.00000000e+00
   0.00000000e+00  0.00000000e+00]
 [-2.16085560e-05  2.48448154e-03 -1.46651344e-04 ...  0.00000000e+00
   0.00000000e+00  0.00000000e+00]
 [-6.51492376e-05 -1.46651344e-04  1.54269101e-02 ...  0.00000000e+00
   0.00000000e+00  0.00000000e+00]
 ...
 [ 0.00000000e+00  0.00000000e+00  0.00000000e+00 ...  1.14832135e-08
   0.00000000e+00  5.90524505e-07]
 [ 0.00000000e+00  0.00000000e+00  0.00000000e+00 ...  0.00000000e+00
   7.41680907e-06  1.50077213e-05]
 [ 0.00000000e+00  0.00000000e+00  0.00000000e+00 ...  5.90524505e-07
   1.50077213e-05  3.03677357e-05]]
[[ 6.22447676e-04 -2.16085560e-05 -6.51492376e-05 ...  0.00000000e+00
   0.00000000e+00  0.00000000e+00]
 [-2.16085560e-05  2.48448154e-03 -1.46651344e-04 ...  0.00000000e+00
   0.00000000e+00  0.00000000e+00]
 [-6.51492376e-05 -1.46651344e-04  1.54269101e-02 ...  0.00000000e+00
   0.00000000e+00  0.00000000e+00]
 ...
 [ 0.00000000e+00  0.00000000e+00  0.00000000e+00 ...  1.14832135e-08
   0.00000000e+00  5.90524505e-07]
 [ 0.00000000e+00  0.00000000e+00  0.00000000e+00 ...  0.00000000e+00
   7.41680907e-06  1.50077213e-05]
 [ 0.00000000e+00  0.00000000e+00  0.00000000e+00 ...  5.90524505e-07
   1.50077213e-05  3.03677357e-05]]
[[ 6.22447676e-04 -2.16085560e-05 -6.51492376e-05 ...  0.00000000e+00
   0.00000000e+00  0.00000000e+00]
 [-2.16085560e-05  2.48448154e-03 -1.46651344e-04 ...  0.00000000e+00
   0.00000000e+00  0.00000000e+00]
 [-6.51492376e-05 -1.46651344e-04  1.54269101e-02 ...  0.00000000e+00
   0.00000000e+00  0.00000000e+00]
 ...
 [ 0.00000000e+00  0.00000000e+00  0.00000000e+00 ...  1.14832135e-08
   0.00000000e+00  5.90524505e-07]
 [ 0.00000000e+00  0.00000000e+00  0.00000000e+00 ...  0.00000000e+00
   7.41680907e-06  1.50077213e-05]
 [ 0.00000000e+00  0.00000000e+00  0.00000000e+00 ...  5.90524505e-07
   1.50077213e-05  3.03677357e-05]]
[[ 6.22447676e-04 -2.16085560e-05 -6.51492376e-05 ...  0.00000000e+00
   0.00000000e+00  0.00000000e+00]
 [-2.16085560e-05  2.48448154e-03 -1.46651344e-04 ...  0.00000000e+00
   0.00000000e+00  0.00000000e+00]
 [-6.51492376e-05 -1.46651344e-04  1.54269101e-02 ...  0.00000000e+00
   0.00000000e+00  0.00000000e+00]
 ...
 [ 0.00000000e+00  0.00000000e+00  0.00000000e+00 ...  1.14832135e-08
   0.00000000e+00  5.90524505e-07]
 [ 0.00000000e+00  0.00000000e+00  0.00000000e+00 ...  0.00000000e+00
   7.41680907e-06  1.50077213e-05]
 [ 0.00000000e+00  0.00000000e+00  0.00000000e+00 ...  5.90524505e-07
   1.50077213e-05  3.03677357e-05]]
[[ 6.22447563e-04 -2.16088092e-05 -6.51499966e-05 ...  0.00000000e+00
   0.00000000e+00  0.00000000e+00]
 [-2.16088092e-05  2.48448097e-03 -1.46653044e-04 ...  0.00000000e+00
   0.00000000e+00  0.00000000e+00]
 [-6.51499966e-05 -1.46653044e-04  1.54269050e-02 ...  0.00000000e+00
   0.00000000e+00  0.00000000e+00]
 ...
 [ 0.00000000e+00  0.00000000e+00  0.00000000e+00 ...  1.14832135e-08
   0.00000000e+00  5.90524505e-07]
 [ 0.00000000e+00  0.00000000e+00  0.00000000e+00 ...  0.00000000e+00
   7.41680907e-06  1.50077213e-05]
 [ 0.00000000e+00  0.00000000e+00  0.00000000e+00 ...  5.90524505e-07
   1.50077213e-05  3.03677357e-05]]
